X,Y
652.8451834492176,517.8418431753286
711.5670513379459,509.9021174060457
732.7562463051012,510.5958993264066
738.1646416266577,412.7940547643588
703.6814061921613,482.3055015066666
805.5497981201861,445.2657112610213
791.4762127445189,475.8971689688296
862.6598219867634,421.5506485361588
664.8484574254323,570.0636555593818
696.088539859687,449.096414016669
675.0538853022881,519.8006714625827
799.6457967605655,514.1816999538952
763.799237664644,434.2545291969562
780.7816228215638,489.6577213474047
789.3799345081025,542.5921522905194
670.3717274707003,422.1287498652484
700.2837838317053,551.5707163348488
677.2428098787443,458.6453604214103
777.8272046007743,566.4995663735075
785.6305626111043,457.3963398671748
735.7521978647657,518.232994165104
837.1720558401094,493.9125049831612
724.7468469271595,411.4513308150634
733.899592836174,455.3866503968928
778.0875491124632,573.8630617129628
720.0406255617326,456.61406728264086
778.412694422317,555.0350875342597
797.9448081951596,418.5504912104952
823.1705065091912,490.6861580484898
707.2409958907257,451.2572467360247
842.3871861667203,437.4203430761589
763.2711056139304,538.1080031254488
703.8014868602921,490.3295122322731
877.3864459108365,432.6653945408907
823.3995288253013,531.0782528125492
696.156261828356,565.393128234515
855.0169208395193,574.561820319134
717.9787283553261,474.0546026165848
853.4441881302649,448.6039879005402
819.7792499547256,516.4423061657682
834.5118146966488,532.1203536362343
791.0698722588913,557.7474359882198
770.035285993723,465.2385916692145
648.786445808562,525.8199723379194
753.5928403818947,431.83870657234434
809.3580791108184,415.3172248787343
675.7559043052414,430.4063371870619
853.5798247937606,423.7539343574254
753.7552076870803,569.8279058332134
746.2820698484566,471.2219281272113
810.9494348995355,427.605047164842
652.6826750310927,533.279000217116
821.8374311783286,402.18898318351
650.3687230086729,468.75118043756606
814.4629116869482,484.9639854236754
758.8260958124616,494.2004721606813
799.0155675672595,556.8374673909564
724.0892544868782,555.5567877344749
867.5808355889137,451.9129557966583
797.1602467928147,452.2034856778768
760.146515961339,557.4779422012114
811.0436590876576,467.615351860118
827.7047713489302,460.17733876648873
695.7492495879625,434.96778680163726
721.5252474901965,446.85238380156153
794.7297704937165,568.9758501097273
661.2855709837431,524.7404936471418
697.0411780019285,468.7744064603349
814.3597609629895,496.3721214116872
736.2581757693657,489.4245866926892
770.6044768836903,438.7864671959093
757.867228316268,457.6919982525164
722.0810525336908,441.361224804468
795.5806312891821,432.231599286042
749.3328692380866,456.4046990907036
751.0985954986346,436.1380728983244
783.1591218785834,500.7488632918247
776.2262904919679,465.0943620610586
718.142857557519,541.0950334870599
681.0447674403783,435.31210244134695
842.7054102551974,482.5616030329716
660.9042986542411,520.3909018823896
847.04101072051,521.7665689137817
821.5963507618195,498.0849204729429
753.2505928611397,415.1226500800834
816.9504760394019,541.7517927904215
671.7491371211788,484.8906009937094
721.9333766229905,527.1468496569582
656.3381451756433,540.1679026131721
829.8767936268974,440.1613230512913
670.851593215986,437.34622118754993
645.6238145918143,571.9763718340423
777.970412152982,483.72801056843787
744.6399809846027,434.8521679876168
667.0813744901499,513.8425044635927
773.6797257190725,473.7950338796282
691.0987489318204,416.4161882302952
807.1111258347102,487.830220016949
750.9622055200615,561.8477530444927
853.9748737256723,462.832587436907
